2 5 3 3 6 2 4 2 3 5 3 1 6 4 3 7 2 2 8 5 3 9 5 1 10 6 2 
1 5 3 3 6 1 4 5 4 5 4 3 6 3 1 7 2 4 8 5 4 9 3 1 10 2 1 
1 6 2 2 6 1 4 5 1 5 4 4 6 6 4 7 4 2 8 5 3 9 3 3 10 2 1 
1 2 3 2 5 4 3 5 1 5 6 1 6 6 4 7 5 1 8 4 3 9 6 1 10 4 2 
1 3 1 2 4 3 3 4 4 4 6 1 6 5 2 7 3 3 8 3 4 9 3 4 10 2 4 
1 4 3 2 3 1 3 6 4 4 6 4 5 5 2 7 3 4 8 5 2 9 4 3 10 2 1 
1 2 2 2 2 4 3 4 2 4 5 1 5 3 3 6 3 4 8 5 4 9 3 3 10 3 3 
1 5 3 2 5 4 3 5 3 4 4 3 5 3 4 6 5 2 7 5 4 9 6 3 10 3 4 
1 5 1 2 3 1 3 3 3 4 6 1 5 3 4 6 4 3 7 3 3 8 6 3 10 4 4 
1 6 2 2 2 1 3 2 1 4 4 2 5 2 4 6 2 1 7 3 3 8 3 4 9 4 4
