2 127 50 3 77 68 4 77 152 5 83 3 6 17 95 7 65 95 8 36 117 9 122 160 10 115 89 11 33 179 12 83 139 13 102 90 14 151 12 15 36 21 16 50 103 17 98 139 18 78 113 19 60 30 20 37 172 
1 127 50 3 116 140 4 108 148 5 39 86 6 73 57 7 81 160 8 29 62 9 152 131 10 17 148 11 55 107 12 36 186 13 69 189 14 110 154 15 82 45 16 16 29 17 8 168 18 23 165 19 87 174 20 109 63 
1 77 68 2 116 140 4 78 150 5 80 36 6 80 122 7 144 124 8 90 74 9 118 183 10 28 120 11 97 21 12 10 174 13 98 23 14 78 70 15 45 23 16 24 143 17 109 37 18 123 70 19 132 18 20 101 113 
1 77 152 2 108 148 3 78 150 5 56 140 6 60 2 7 33 50 8 89 48 9 135 112 10 14 90 11 151 81 12 55 62 13 89 13 14 121 187 15 55 155 16 69 72 17 87 156 18 11 151 19 139 159 20 2 159 
1 83 3 2 39 86 3 80 36 4 56 140 6 9 133 7 134 37 8 88 24 9 107 172 10 76 81 11 92 109 12 103 139 13 31 126 14 72 159 15 83 122 16 122 90 17 77 166 18 90 144 19 72 140 20 112 15 
1 17 95 2 73 57 3 80 122 4 60 2 5 9 133 7 91 77 8 50 79 9 7 65 10 136 36 11 2 66 12 137 167 13 104 131 14 11 154 15 98 14 16 67 155 17 119 7 18 52 182 19 108 122 20 111 171 
1 65 95 2 81 160 3 144 124 4 33 50 5 134 37 6 91 77 8 72 53 9 22 80 10 145 103 11 33 139 12 149 61 13 54 62 14 65 30 15 2 53 16 77 175 17 90 44 18 90 149 19 38 13  20 19 59 
1 36 117 2 29 62 3 90 74 4 89 48 5 88 24 6 50 79 7 72 53 9 93 70 10 65 140 11 25 24 12 108 8 13 112 163 14 30 99 15 53 105 16 72 119 17 94 127 18 131 96 19 112 123 20 109 20 
1 122 160 2 152 131 3 118 183 4 135 112 5 107 172 6 7 65 7 22 80 8 93 70 10 148 174 11 96 17 12 14 129 13 50 17 14 23 130 15 78 126 16 87 70 17 110 146 18 147 141 19 10 20 20 12 151 
1 115 89 2 17 148 3 28 120 4 14 90 5 76 81 6 136 36 7 145 103 8 65 140 9 148 174 11 32 74 12 64 154 13 28 63 14 11 127 15 141 19 16 106 17 17 18 125 18 21 66 19 14 142 20 144 54 
1 33 179 2 55 107 3 97 21 4 151 81 5 92 109 6 2 66 7 33 139 8 25 24 9 96 17 10 32 74 12 130 103 13 62 101 14 118 181 15 42 19 16 117 62 17 34 16 18 84 187 19 7 174 20 55 44 
1 83 139 2 36 186 3 10 174 4 55 62 5 103 139 6 137 167 7 149 61 8 108 8 9 14 129 10 64 154 11 130 103 13 91 133 14 71 12 15 149 34 16 85 164 17 13 181 18 27 102 19 15 47 20 10 182 
1 102 90 2 69 189 3 98 23 4 89 13 5 31 126 6 104 131 7 54 62 8 112 163 9 50 17 10 28 63 11 62 101 12 91 133 14 58 182 15 17 21 16 86 108 17 10 109 18 122 100 19 38 182 20 77 115 
1 151 12 2 110 154 3 78 70 4 121 187 5 72 159 6 11 154 7 65 30 8 30 99 9 23 130 10 11 127 11 118 181 12 71 12 13 58 182 15 5 30 16 150 176 17 68 123 18 73 153 19 137 3  20 116 177 
1 36 21 2 82 45 3 45 23 4 55 155 5 83 122 6 98 14 7 2 53 8 53 105 9 78 126 10 141 19 11 42 19 12 149 34 13 17 21 14 5 30 16 117 149 17 98 128 18 57 126 19 14 10 20 143 116 
1 50 103 2 16 29 3 24 143 4 69 72 5 122 90 6 67 155 7 77 175 8 72 119 9 87 70 10 106 17 11 117 62 12 85 164 13 86 108 14 150 176 15 117 149 17 47 169 18 146 122 19 142 177 20 33 110 
1 98 139 2 8 168 3 109 37 4 87 156 5 77 166 6 119 7 7 90 44 8 94 127 9 110 146 10 18 125 11 34 16 12 13 181 13 10 109 14 68 123 15 98 128 16 47 169 18 82 167 19 142 164 20 108 1 
1 78 113 2 23 165 3 123 70 4 11 151 5 90 144 6 52 182 7 90 149 8 131 96 9 147 141 10 21 66 11 84 187 12 27 102 13 122 100 14 73 153 15 57 126 16 146 122 17 82 167 19 16 111 20 26 171 
1 60 30 2 87 174 3 132 18 4 139 159 5 72 140 6 108 122 7 38 13 8 112 123 9 10 20 10 14 142 11 7 174 12 15 47 13 38 182 14 137 93 15 14 10 16 142 177 17 142 164 18 16 111 20 45 142 
1 37 172 2 109 63 3 101 113 4 2 159 5 112 15 6 111 171 7 19 59 8 109 20 9 12 151 10 144 54 11 55 44 12 10 182 13 77 115 14 116 177 15 143 116 16 33 110 17 108 1 18 26 171 19 45 142
