2 109 7 3 34 8 4 82 2 5 35 6 6 114 6 7 98 2 8 105 5 9 95 1 10 141 7 11 135 4 12 30 1 13 131 8 14 65 3 15 53 7 16 30 2 17 127 2 18 114 4 19 92 8 20 16 4 21 141 1 22 122 3 23 103 5 24 122 6 25 123 3 26 43 4 27 149 8 28 56 4 29 62 6 30 123 3 31 148 7 32 96 1 33 65 3 34 34 4 35 74 3 36 99 6 37 128 5 38 118 1 39 34 3 40 121 3 
1 109 7 3 23 8 4 129 5 5 140 8 6 42 4 7 116 5 8 148 3 9 129 7 10 93 3 11 17 4 12 14 7 13 132 2 14 19 6 15 41 1 16 141 3 17 109 7 18 85 3 19 138 6 20 69 1 21 91 3 22 30 1 23 39 2 24 146 5 25 100 1 26 4 3 27 35 3 28 5 4 29 134 7 30 149 2 31 83 7 32 49 3 33 37 1 34 38 5 35 150 2 36 46 3 37 53 4 38 39 2 39 116 8 40 12 5 
1 34 8 2 23 8 4 133 6 5 33 4 6 149 4 7 101 7 8 152 6 9 4 7 10 106 7 11 117 6 12 41 1 13 29 2 14 116 3 15 50 8 16 74 7 17 15 4 18 2 3 19 79 6 20 111 8 21 41 8 22 147 5 23 40 5 24 123 5 25 31 6 26 9 1 27 127 1 28 136 7 29 71 2 30 69 3 31 65 5 32 139 8 33 37 5 34 112 4 35 26 4 36 81 6 37 22 6 38 46 6 39 27 5 40 3 1 
1 82 2 2 129 5 3 133 6 5 96 2 6 108 2 7 55 3 8 48 7 9 54 6 10 73 6 11 72 3 12 148 8 13 105 7 14 57 2 15 90 7 16 11 7 17 67 3 18 2 2 19 66 8 20 86 5 21 44 2 22 95 3 23 75 4 24 17 4 25 87 6 26 147 8 27 119 1 28 16 8 29 103 6 30 153 7 31 155 5 32 149 5 33 62 6 34 143 8 35 98 7 36 65 3 37 118 1 38 60 8 39 72 3 40 120 1 
1 35 6 2 140 8 3 33 4 4 96 2 6 133 8 7 54 4 8 111 4 9 137 4 10 96 7 11 92 6 12 43 1 13 106 2 14 95 3 15 9 1 16 150 6 17 152 3 18 66 6 19 151 4 20 79 3 21 133 7 22 53 1 23 109 3 24 72 2 25 10 5 26 47 3 27 132 7 28 65 4 29 41 8 30 32 4 31 103 8 32 14 8 33 127 6 34 85 3 35 20 3 36 140 8 37 19 6 38 2 7 39 19 4 40 3 8 
1 114 6 2 42 4 3 149 4 4 108 2 5 133 8 7 118 5 8 22 1 9 65 3 10 33 5 11 25 7 12 156 2 13 149 7 14 122 5 15 9 8 16 128 2 17 130 7 18 39 2 19 147 2 20 58 3 21 121 6 22 155 2 23 72 1 24 152 8 25 52 2 26 106 6 27 143 7 28 73 4 29 57 8 30 5 2 31 4 8 32 36 8 33 51 8 34 7 5 35 125 6 36 82 6 37 150 7 38 149 1 39 38 2 40 140 6 
1 98 2 2 116 5 3 101 7 4 55 3 5 54 4 6 118 5 8 10 6 9 34 8 10 5 7 11 143 5 12 56 7 13 40 1 14 138 1 15 128 5 16 54 2 17 56 5 18 151 4 19 90 1 20 135 7 21 126 5 22 103 6 23 121 6 24 130 6 25 146 5 26 145 3 27 26 5 28 56 8 29 122 2 30 69 1 31 86 1 32 51 8 33 102 2 34 52 7 35 77 3 36 154 2 37 73 1 38 118 1 39 138 2 40 126 3 
1 105 5 2 148 3 3 152 6 4 48 7 5 111 4 6 22 1 7 10 6 9 44 1 10 63 8 11 143 1 12 19 3 13 136 4 14 109 3 15 62 3 16 55 8 17 69 7 18 138 6 19 125 8 20 134 7 21 6 8 22 106 3 23 131 1 24 55 1 25 129 6 26 55 2 27 92 5 28 65 3 29 53 7 30 78 2 31 12 3 32 74 8 33 2 6 34 53 4 35 66 3 36 70 6 37 32 3 38 15 5 39 127 2 40 7 4 
1 95 1 2 129 7 3 4 7 4 54 6 5 137 4 6 65 3 7 34 8 8 44 1 10 94 5 11 52 3 12 95 1 13 13 4 14 91 3 15 65 1 16 35 7 17 96 4 18 10 2 19 81 7 20 148 2 21 31 6 22 38 3 23 153 3 24 17 4 25 95 6 26 129 1 27 76 2 28 138 4 29 56 2 30 107 4 31 150 4 32 34 2 33 62 7 34 156 3 35 91 3 36 93 1 37 38 3 38 8 2 39 109 5 40 69 8 
1 141 7 2 93 3 3 106 7 4 73 6 5 96 7 6 33 5 7 5 7 8 63 8 9 94 5 11 147 2 12 55 4 13 104 5 14 114 1 15 101 3 16 103 6 17 148 7 18 11 8 19 63 7 20 2 7 21 147 5 22 156 4 23 75 2 24 68 8 25 100 6 26 10 2 27 54 1 28 82 6 29 120 5 30 124 8 31 129 6 32 118 1 33 115 1 34 89 4 35 124 4 36 154 5 37 131 8 38 7 6 39 90 1 40 92 1 
1 135 4 2 17 4 3 117 6 4 72 3 5 92 6 6 25 7 7 143 5 8 143 1 9 52 3 10 147 2 12 154 6 13 98 4 14 129 3 15 142 6 16 120 8 17 90 4 18 142 6 19 112 2 20 154 8 21 139 8 22 138 1 23 51 4 24 61 6 25 67 7 26 49 1 27 140 4 28 44 5 29 98 3 30 84 4 31 71 1 32 144 4 33 96 8 34 147 1 35 69 4 36 140 2 37 113 3 38 61 2 39 39 4 40 85 6 
1 30 1 2 14 7 3 41 1 4 148 8 5 43 1 6 156 2 7 56 7 8 19 3 9 95 1 10 55 4 11 154 6 13 58 7 14 57 5 15 150 5 16 113 4 17 54 4 18 145 1 19 129 6 20 87 2 21 56 7 22 89 2 23 31 7 24 47 6 25 37 1 26 145 4 27 80 3 28 20 2 29 29 3 30 114 4 31 33 2 32 6 3 33 5 8 34 44 8 35 47 6 36 125 7 37 100 1 38 64 7 39 8 7 40 21 5 
1 131 8 2 132 2 3 29 2 4 105 7 5 106 2 6 149 7 7 40 1 8 136 4 9 13 4 10 104 5 11 98 4 12 58 7 14 14 1 15 31 5 16 98 2 17 4 6 18 1 3 19 38 3 20 147 3 21 28 5 22 125 3 23 140 8 24 6 1 25 46 6 26 139 6 27 154 3 28 90 6 29 38 1 30 54 1 31 60 3 32 126 6 33 35 6 34 74 8 35 45 1 36 9 3 37 92 2 38 120 3 39 107 8 40 115 2 
1 65 3 2 19 6 3 116 3 4 57 2 5 95 3 6 122 5 7 138 1 8 109 3 9 91 3 10 114 1 11 129 3 12 57 5 13 14 1 15 62 7 16 2 6 17 85 2 18 89 5 19 43 1 20 63 8 21 47 7 22 35 8 23 33 3 24 118 6 25 4 2 26 115 4 27 128 2 28 131 7 29 78 2 30 60 8 31 109 6 32 120 2 33 41 5 34 59 3 35 55 6 36 146 7 37 94 4 38 24 3 39 72 7 40 82 3 
1 53 7 2 41 1 3 50 8 4 90 7 5 9 1 6 9 8 7 128 5 8 62 3 9 65 1 10 101 3 11 142 6 12 150 5 13 31 5 14 62 7 16 42 3 17 145 6 18 19 5 19 13 7 20 8 7 21 137 3 22 87 8 23 64 7 24 60 2 25 101 1 26 138 5 27 74 4 28 22 3 29 108 3 30 76 2 31 52 3 32 122 2 33 8 6 34 81 7 35 44 8 36 99 8 37 156 2 38 25 2 39 144 5 40 140 5 
1 30 2 2 141 3 3 74 7 4 11 7 5 150 6 6 128 2 7 54 2 8 55 8 9 35 7 10 103 6 11 120 8 12 113 4 13 98 2 14 2 6 15 42 3 17 99 4 18 44 3 19 153 2 20 116 5 21 5 1 22 24 6 23 79 3 24 6 7 25 138 5 26 15 5 27 62 2 28 144 6 29 152 8 30 49 3 31 151 5 32 144 1 33 82 4 34 99 8 35 78 4 36 32 1 37 11 7 38 146 4 39 83 5 40 16 6 
1 127 2 2 109 7 3 15 4 4 67 3 5 152 3 6 130 7 7 56 5 8 69 7 9 96 4 10 148 7 11 90 4 12 54 4 13 4 6 14 85 2 15 145 6 16 99 4 18 155 5 19 97 2 20 108 8 21 73 8 22 66 7 23 48 2 24 24 4 25 103 7 26 78 4 27 117 4 28 62 5 29 146 4 30 35 7 31 154 6 32 127 6 33 34 4 34 58 8 35 19 3 36 105 8 37 129 6 38 104 1 39 55 4 40 142 1 
1 114 4 2 85 3 3 2 3 4 2 2 5 66 6 6 39 2 7 151 4 8 138 6 9 10 2 10 11 8 11 142 6 12 145 1 13 1 3 14 89 5 15 19 5 16 44 3 17 155 5 19 125 4 20 142 7 21 56 2 22 53 7 23 57 6 24 148 7 25 55 5 26 35 3 27 72 8 28 54 7 29 150 1 30 39 2 31 100 8 32 57 7 33 34 2 34 26 2 35 37 1 36 58 3 37 69 3 38 135 4 39 35 8 40 62 7 
1 92 8 2 138 6 3 79 6 4 66 8 5 151 4 6 147 2 7 90 1 8 125 8 9 81 7 10 63 7 11 112 2 12 129 6 13 38 3 14 43 1 15 13 7 16 153 2 17 97 2 18 125 4 20 15 4 21 1 3 22 37 6 23 93 7 24 59 8 25 104 7 26 138 3 27 43 4 28 137 3 29 17 6 30 1 6 31 107 8 32 28 8 33 65 8 34 147 1 35 99 4 36 7 3 37 16 6 38 104 5 39 26 3 40 113 8 
1 16 4 2 69 1 3 111 8 4 86 5 5 79 3 6 58 3 7 135 7 8 134 7 9 148 2 10 2 7 11 154 8 12 87 2 13 147 3 14 63 8 15 8 7 16 116 5 17 108 8 18 142 7 19 15 4 21 113 5 22 82 5 23 39 2 24 23 3 25 35 8 26 88 4 27 49 5 28 34 5 29 13 7 30 142 5 31 103 8 32 78 7 33 47 1 34 135 2 35 120 6 36 68 5 37 7 4 38 86 4 39 76 5 40 29 1 
1 141 1 2 91 3 3 41 8 4 44 2 5 133 7 6 121 6 7 126 5 8 6 8 9 31 6 10 147 5 11 139 8 12 56 7 13 28 5 14 47 7 15 137 3 16 5 1 17 73 8 18 56 2 19 1 3 20 113 5 22 31 5 23 8 5 24 58 8 25 100 2 26 155 4 27 104 7 28 52 7 29 35 3 30 36 6 31 33 1 32 130 2 33 128 3 34 145 3 35 109 5 36 13 4 37 18 7 38 2 8 39 128 3 40 99 2 
1 122 3 2 30 1 3 147 5 4 95 3 5 53 1 6 155 2 7 103 6 8 106 3 9 38 3 10 156 4 11 138 1 12 89 2 13 125 3 14 35 8 15 87 8 16 24 6 17 66 7 18 53 7 19 37 6 20 82 5 21 31 5 23 37 6 24 113 4 25 8 3 26 17 3 27 127 2 28 113 7 29 133 3 30 5 8 31 152 8 32 109 8 33 133 6 34 94 1 35 36 2 36 34 6 37 45 8 38 35 3 39 37 2 40 19 8 
1 103 5 2 39 2 3 40 5 4 75 4 5 109 3 6 72 1 7 121 6 8 131 1 9 153 3 10 75 2 11 51 4 12 31 7 13 140 8 14 33 3 15 64 7 16 79 3 17 48 2 18 57 6 19 93 7 20 39 2 21 8 5 22 37 6 24 145 5 25 128 8 26 19 6 27 123 7 28 149 5 29 118 2 30 26 6 31 103 1 32 44 5 33 37 1 34 75 6 35 152 6 36 24 4 37 112 5 38 12 4 39 36 8 40 155 5 
1 122 6 2 146 5 3 123 5 4 17 4 5 72 2 6 152 8 7 130 6 8 55 1 9 17 4 10 68 8 11 61 6 12 47 6 13 6 1 14 118 6 15 60 2 16 6 7 17 24 4 18 148 7 19 59 8 20 23 3 21 58 8 22 113 4 23 145 5 25 71 2 26 41 7 27 108 3 28 138 7 29 137 6 30 117 7 31 106 4 32 130 4 33 156 8 34 67 6 35 102 3 36 96 7 37 140 5 38 117 6 39 80 8 40 15 8 
1 123 3 2 100 1 3 31 6 4 87 6 5 10 5 6 52 2 7 146 5 8 129 6 9 95 6 10 100 6 11 67 7 12 37 1 13 46 6 14 4 2 15 101 1 16 138 5 17 103 7 18 55 5 19 104 7 20 35 8 21 100 2 22 8 3 23 128 8 24 71 2 26 45 2 27 12 3 28 37 2 29 121 1 30 75 1 31 24 8 32 43 6 33 74 8 34 134 4 35 20 2 36 78 4 37 18 5 38 13 5 39 58 7 40 121 7 
1 43 4 2 4 3 3 9 1 4 147 8 5 47 3 6 106 6 7 145 3 8 55 2 9 129 1 10 10 2 11 49 1 12 145 4 13 139 6 14 115 4 15 138 5 16 15 5 17 78 4 18 35 3 19 138 3 20 88 4 21 155 4 22 17 3 23 19 6 24 41 7 25 45 2 27 49 2 28 50 1 29 46 4 30 94 3 31 8 6 32 71 6 33 83 3 34 32 8 35 123 1 36 9 3 37 142 6 38 59 1 39 83 2 40 117 4 
1 149 8 2 35 3 3 127 1 4 119 1 5 132 7 6 143 7 7 26 5 8 92 5 9 76 2 10 54 1 11 140 4 12 80 3 13 154 3 14 128 2 15 74 4 16 62 2 17 117 4 18 72 8 19 43 4 20 49 5 21 104 7 22 127 2 23 123 7 24 108 3 25 12 3 26 49 2 28 86 6 29 85 7 30 138 5 31 8 4 32 146 5 33 67 6 34 37 8 35 87 2 36 40 2 37 102 6 38 71 7 39 69 1 40 113 6 
1 56 4 2 5 4 3 136 7 4 16 8 5 65 4 6 73 4 7 56 8 8 65 3 9 138 4 10 82 6 11 44 5 12 20 2 13 90 6 14 131 7 15 22 3 16 144 6 17 62 5 18 54 7 19 137 3 20 34 5 21 52 7 22 113 7 23 149 5 24 138 7 25 37 2 26 50 1 27 86 6 29 58 7 30 136 5 31 39 4 32 58 2 33 112 5 34 86 6 35 100 4 36 93 2 37 9 2 38 93 2 39 19 5 40 125 2 
1 62 6 2 134 7 3 71 2 4 103 6 5 41 8 6 57 8 7 122 2 8 53 7 9 56 2 10 120 5 11 98 3 12 29 3 13 38 1 14 78 2 15 108 3 16 152 8 17 146 4 18 150 1 19 17 6 20 13 7 21 35 3 22 133 3 23 118 2 24 137 6 25 121 1 26 46 4 27 85 7 28 58 7 30 40 3 31 60 2 32 139 7 33 123 7 34 154 4 35 40 4 36 84 2 37 64 3 38 154 7 39 57 6 40 129 7 
1 123 3 2 149 2 3 69 3 4 153 7 5 32 4 6 5 2 7 69 1 8 78 2 9 107 4 10 124 8 11 84 4 12 114 4 13 54 1 14 60 8 15 76 2 16 49 3 17 35 7 18 39 2 19 1 6 20 142 5 21 36 6 22 5 8 23 26 6 24 117 7 25 75 1 26 94 3 27 138 5 28 136 5 29 40 3 31 91 8 32 109 6 33 135 8 34 34 4 35 148 6 36 101 7 37 7 6 38 72 8 39 75 6 40 60 8 
1 148 7 2 83 7 3 65 5 4 155 5 5 103 8 6 4 8 7 86 1 8 12 3 9 150 4 10 129 6 11 71 1 12 33 2 13 60 3 14 109 6 15 52 3 16 151 5 17 154 6 18 100 8 19 107 8 20 103 8 21 33 1 22 152 8 23 103 1 24 106 4 25 24 8 26 8 6 27 8 4 28 39 4 29 60 2 30 91 8 32 140 4 33 24 7 34 156 7 35 123 2 36 24 6 37 90 6 38 104 3 39 103 4 40 42 5 
1 96 1 2 49 3 3 139 8 4 149 5 5 14 8 6 36 8 7 51 8 8 74 8 9 34 2 10 118 1 11 144 4 12 6 3 13 126 6 14 120 2 15 122 2 16 144 1 17 127 6 18 57 7 19 28 8 20 78 7 21 130 2 22 109 8 23 44 5 24 130 4 25 43 6 26 71 6 27 146 5 28 58 2 29 139 7 30 109 6 31 140 4 33 121 7 34 106 4 35 54 8 36 18 2 37 87 8 38 7 7 39 85 7 40 108 6 
1 65 3 2 37 1 3 37 5 4 62 6 5 127 6 6 51 8 7 102 2 8 2 6 9 62 7 10 115 1 11 96 8 12 5 8 13 35 6 14 41 5 15 8 6 16 82 4 17 34 4 18 34 2 19 65 8 20 47 1 21 128 3 22 133 6 23 37 1 24 156 8 25 74 8 26 83 3 27 67 6 28 112 5 29 123 7 30 135 8 31 24 7 32 121 7 34 119 6 35 10 8 36 88 3 37 39 3 38 71 3 39 27 8 40 86 6 
1 34 4 2 38 5 3 112 4 4 143 8 5 85 3 6 7 5 7 52 7 8 53 4 9 156 3 10 89 4 11 147 1 12 44 8 13 74 8 14 59 3 15 81 7 16 99 8 17 58 8 18 26 2 19 147 1 20 135 2 21 145 3 22 94 1 23 75 6 24 67 6 25 134 4 26 32 8 27 37 8 28 86 6 29 154 4 30 34 4 31 156 7 32 106 4 33 119 6 35 84 8 36 118 2 37 81 2 38 19 4 39 116 2 40 37 6 
1 74 3 2 150 2 3 26 4 4 98 7 5 20 3 6 125 6 7 77 3 8 66 3 9 91 3 10 124 4 11 69 4 12 47 6 13 45 1 14 55 6 15 44 8 16 78 4 17 19 3 18 37 1 19 99 4 20 120 6 21 109 5 22 36 2 23 152 6 24 102 3 25 20 2 26 123 1 27 87 2 28 100 4 29 40 4 30 148 6 31 123 2 32 54 8 33 10 8 34 84 8 36 114 6 37 117 3 38 45 3 39 132 7 40 132 7 
1 99 6 2 46 3 3 81 6 4 65 3 5 140 8 6 82 6 7 154 2 8 70 6 9 93 1 10 154 5 11 140 2 12 125 7 13 9 3 14 146 7 15 99 8 16 32 1 17 105 8 18 58 3 19 7 3 20 68 5 21 13 4 22 34 6 23 24 4 24 96 7 25 78 4 26 9 3 27 40 2 28 93 2 29 84 2 30 101 7 31 24 6 32 18 2 33 88 3 34 118 2 35 114 6 37 154 4 38 14 1 39 81 5 40 36 8 
1 128 5 2 53 4 3 22 6 4 118 1 5 19 6 6 150 7 7 73 1 8 32 3 9 38 3 10 131 8 11 113 3 12 100 1 13 92 2 14 94 4 15 156 2 16 11 7 17 129 6 18 69 3 19 16 6 20 7 4 21 18 7 22 45 8 23 112 5 24 140 5 25 18 5 26 142 6 27 102 6 28 9 2 29 64 3 30 7 6 31 90 6 32 87 8 33 39 3 34 81 2 35 117 3 36 154 4 38 58 3 39 71 8 40 151 4 
1 118 1 2 39 2 3 46 6 4 60 8 5 2 7 6 149 1 7 118 1 8 15 5 9 8 2 10 7 6 11 61 2 12 64 7 13 120 3 14 24 3 15 25 2 16 146 4 17 104 1 18 135 4 19 104 5 20 86 4 21 2 8 22 35 3 23 12 4 24 117 6 25 13 5 26 59 1 27 71 7 28 93 2 29 154 7 30 72 8 31 104 3 32 7 7 33 71 3 34 19 4 35 45 3 36 14 1 37 58 3 39 64 5 40 152 5 
1 34 3 2 116 8 3 27 5 4 72 3 5 19 4 6 38 2 7 138 2 8 127 2 9 109 5 10 90 1 11 39 4 12 8 7 13 107 8 14 72 7 15 144 5 16 83 5 17 55 4 18 35 8 19 26 3 20 76 5 21 128 3 22 37 2 23 36 8 24 80 8 25 58 7 26 83 2 27 69 1 28 19 5 29 57 6 30 75 6 31 103 4 32 85 7 33 27 8 34 116 2 35 132 7 36 81 5 37 71 8 38 64 5 40 141 4 
1 121 3 2 12 5 3 3 1 4 120 1 5 3 8 6 140 6 7 126 3 8 7 4 9 69 8 10 92 1 11 85 6 12 21 5 13 115 2 14 82 3 15 140 5 16 16 6 17 142 1 18 62 7 19 113 8 20 29 1 21 99 2 22 19 8 23 155 5 24 15 8 25 121 7 26 117 4 27 113 6 28 125 2 29 129 7 30 60 8 31 42 5 32 108 6 33 86 6 34 37 6 35 132 7 36 36 8 37 151 4 38 152 5 39 141 4
