2 224 6 3 145 11 4 230 7 5 149 1 6 352 15 7 349 2 8 34 11 9 328 6 10 298 13 11 17 12 12 29 4 13 308 5 14 284 16 15 212 8 16 244 11 17 108 10 18 83 1 19 287 6 20 224 10 21 156 13 22 9 13 23 232 1 24 200 14 25 161 5 26 230 15 27 187 17 28 29 13 29 348 3 30 173 3 31 40 11 32 160 15 33 239 18 34 104 16 35 104 15 36 251 13 37 180 3 38 265 6 39 183 15 40 308 4 41 220 1 42 171 13 43 228 3 44 239 9 45 270 12 46 301 14 47 12 15 48 318 10 49 305 2 50 113 4 51 237 9 52 159 13 53 307 16 54 338 16 55 30 16 56 222 5 57 86 6 58 122 13 59 210 10 60 343 9 
1 224 6 3 320 3 4 229 8 5 19 10 6 76 13 7 258 17 8 266 15 9 226 7 10 208 8 11 282 13 12 232 15 13 58 7 14 225 12 15 221 1 16 48 3 17 89 16 18 40 1 19 292 14 20 116 10 21 92 13 22 31 9 23 11 9 24 236 16 25 197 2 26 348 7 27 190 15 28 122 11 29 147 9 30 335 14 31 25 18 32 152 17 33 193 1 34 304 13 35 191 7 36 169 16 37 277 17 38 115 3 39 288 9 40 29 4 41 328 7 42 227 2 43 125 4 44 31 9 45 93 16 46 94 5 47 296 4 48 164 4 49 352 16 50 113 3 51 229 2 52 180 6 53 274 16 54 339 16 55 334 13 56 209 2 57 236 18 58 225 16 59 45 1 60 16 15 
1 145 11 2 320 3 4 12 5 5 331 7 6 90 7 7 262 5 8 300 18 9 100 15 10 228 12 11 56 12 12 256 1 13 193 5 14 3 10 15 166 9 16 220 4 17 61 11 18 28 7 19 207 4 20 96 2 21 71 6 22 62 16 23 272 17 24 326 18 25 275 5 26 119 17 27 225 17 28 137 17 29 23 4 30 212 8 31 148 9 32 135 2 33 151 15 34 16 9 35 49 3 36 141 8 37 277 14 38 90 11 39 97 10 40 55 11 41 350 14 42 287 14 43 191 13 44 116 1 45 272 11 46 318 5 47 353 7 48 87 6 49 116 5 50 308 10 51 24 4 52 246 8 53 96 1 54 20 8 55 25 9 56 166 7 57 53 2 58 69 17 59 267 8 60 230 3 
1 230 7 2 229 8 3 12 5 5 50 17 6 272 3 7 285 5 8 144 16 9 224 7 10 197 16 11 290 13 12 49 3 13 244 16 14 167 5 15 3 7 16 43 12 17 264 15 18 209 17 19 262 15 20 177 18 21 200 5 22 183 6 23 147 4 24 262 4 25 139 15 26 279 3 27 344 1 28 111 11 29 213 13 30 339 10 31 218 5 32 68 2 33 49 14 34 63 18 35 249 5 36 152 8 37 338 16 38 96 12 39 117 10 40 333 13 41 169 14 42 183 4 43 296 15 44 292 3 45 243 12 46 251 15 47 127 9 48 109 8 49 209 7 50 10 4 51 82 1 52 327 13 53 62 15 54 128 18 55 244 8 56 323 4 57 71 13 58 233 5 59 333 13 60 25 14 
1 149 1 2 19 10 3 331 7 4 50 17 6 332 4 7 352 12 8 126 9 9 258 3 10 43 8 11 108 14 12 237 14 13 233 1 14 59 2 15 255 5 16 116 8 17 319 1 18 287 10 19 237 13 20 280 14 21 2 10 22 187 3 23 11 16 24 317 4 25 86 5 26 8 12 27 54 18 28 99 18 29 249 2 30 203 13 31 305 18 32 20 7 33 204 17 34 222 11 35 256 8 36 272 14 37 77 16 38 57 10 39 62 18 40 200 4 41 326 9 42 146 1 43 142 2 44 352 12 45 148 1 46 36 2 47 103 16 48 168 7 49 76 15 50 121 16 51 64 11 52 310 1 53 235 12 54 104 17 55 312 3 56 303 8 57 152 13 58 242 17 59 332 4 60 12 2 
1 352 15 2 76 13 3 90 7 4 272 3 5 332 4 7 79 14 8 146 17 9 78 3 10 240 11 11 94 14 12 198 8 13 307 14 14 329 7 15 154 11 16 136 3 17 63 16 18 37 2 19 316 14 20 159 13 21 260 11 22 299 10 23 135 17 24 188 5 25 18 1 26 338 16 27 338 16 28 5 11 29 354 8 30 50 1 31 240 5 32 36 2 33 79 7 34 25 7 35 192 14 36 33 15 37 292 17 38 185 6 39 31 15 40 296 1 41 134 2 42 223 11 43 340 14 44 267 10 45 261 16 46 220 18 47 152 16 48 230 17 49 23 12 50 68 6 51 181 9 52 204 16 53 89 18 54 329 1 55 289 8 56 149 4 57 288 11 58 201 18 59 52 12 60 17 10 
1 349 2 2 258 17 3 262 5 4 285 5 5 352 12 6 79 14 8 115 11 9 195 17 10 327 15 11 283 12 12 354 11 13 62 1 14 164 6 15 115 13 16 96 18 17 279 8 18 193 15 19 306 6 20 85 14 21 164 6 22 125 6 23 182 15 24 94 6 25 172 7 26 235 17 27 299 9 28 173 6 29 42 11 30 66 9 31 187 2 32 33 16 33 166 14 34 326 2 35 160 10 36 255 16 37 6 7 38 280 2 39 276 18 40 325 4 41 151 15 42 29 2 43 107 17 44 74 18 45 54 7 46 28 10 47 42 4 48 211 7 49 113 3 50 58 15 51 260 10 52 271 11 53 273 9 54 30 7 55 313 15 56 84 8 57 169 6 58 164 11 59 91 14 60 188 17 
1 34 11 2 266 15 3 300 18 4 144 16 5 126 9 6 146 17 7 115 11 9 340 11 10 205 4 11 78 15 12 353 16 13 192 9 14 122 1 15 324 11 16 167 12 17 218 16 18 77 9 19 9 4 20 179 12 21 211 16 22 260 3 23 275 11 24 274 13 25 260 4 26 53 6 27 120 2 28 308 8 29 95 3 30 329 17 31 64 11 32 81 15 33 43 14 34 228 2 35 248 2 36 178 10 37 237 3 38 327 3 39 287 8 40 216 18 41 256 3 42 125 18 43 30 5 44 267 8 45 248 18 46 166 8 47 53 14 48 152 3 49 191 7 50 8 1 51 311 14 52 351 1 53 82 2 54 321 15 55 271 14 56 299 18 57 128 5 58 17 14 59 101 11 60 203 14 
1 328 6 2 226 7 3 100 15 4 224 7 5 258 3 6 78 3 7 195 17 8 340 11 10 113 14 11 7 13 12 48 10 13 40 5 14 166 3 15 315 2 16 344 17 17 295 2 18 200 11 19 311 2 20 208 10 21 230 1 22 256 16 23 24 14 24 216 2 25 348 17 26 127 10 27 35 2 28 30 4 29 232 4 30 137 6 31 286 10 32 291 14 33 290 18 34 311 11 35 128 13 36 226 15 37 160 3 38 335 13 39 31 10 40 61 18 41 5 14 42 14 15 43 86 18 44 46 7 45 73 4 46 188 8 47 246 8 48 74 17 49 234 1 50 105 13 51 112 18 52 197 10 53 125 18 54 300 16 55 186 2 56 4 10 57 220 12 58 64 3 59 334 3 60 27 1 
1 298 13 2 208 8 3 228 12 4 197 16 5 43 8 6 240 11 7 327 15 8 205 4 9 113 14 11 330 5 12 144 12 13 97 18 14 48 3 15 6 7 16 42 16 17 201 12 18 2 7 19 82 16 20 84 9 21 178 4 22 346 14 23 144 9 24 178 10 25 169 17 26 325 7 27 123 7 28 318 6 29 203 16 30 129 12 31 169 17 32 130 3 33 327 13 34 142 16 35 295 10 36 129 18 37 294 1 38 275 18 39 89 15 40 82 3 41 241 6 42 292 11 43 183 4 44 264 15 45 212 10 46 3 13 47 241 18 48 213 5 49 268 11 50 17 3 51 220 11 52 41 15 53 328 18 54 104 9 55 39 15 56 138 9 57 327 8 58 142 17 59 109 15 60 200 9 
1 17 12 2 282 13 3 56 12 4 290 13 5 108 14 6 94 14 7 283 12 8 78 15 9 7 13 10 330 5 12 233 5 13 233 10 14 331 14 15 302 16 16 202 7 17 2 13 18 11 12 19 215 4 20 150 12 21 50 4 22 194 5 23 242 2 24 238 12 25 58 15 26 5 18 27 195 1 28 221 2 29 179 16 30 304 9 31 82 5 32 104 1 33 216 13 34 48 16 35 74 14 36 86 16 37 203 11 38 67 9 39 204 17 40 313 3 41 103 6 42 137 14 43 305 9 44 32 18 45 252 1 46 101 1 47 16 10 48 158 12 49 284 8 50 2 9 51 317 11 52 214 9 53 82 16 54 197 16 55 85 11 56 25 12 57 349 3 58 29 17 59 38 4 60 60 3 
1 29 4 2 232 15 3 256 1 4 49 3 5 237 14 6 198 8 7 354 11 8 353 16 9 48 10 10 144 12 11 233 5 13 182 4 14 136 6 15 102 9 16 225 4 17 35 18 18 338 13 19 204 10 20 20 1 21 91 8 22 60 18 23 227 10 24 85 2 25 60 12 26 7 8 27 304 1 28 71 4 29 268 9 30 65 10 31 191 12 32 42 5 33 8 17 34 9 14 35 141 12 36 29 17 37 56 16 38 267 4 39 103 6 40 192 9 41 107 3 42 66 5 43 301 11 44 331 14 45 221 9 46 257 14 47 75 1 48 133 6 49 45 5 50 352 10 51 121 9 52 171 11 53 156 15 54 330 10 55 73 8 56 135 13 57 6 10 58 18 8 59 32 17 60 174 9 
1 308 5 2 58 7 3 193 5 4 244 16 5 233 1 6 307 14 7 62 1 8 192 9 9 40 5 10 97 18 11 233 10 12 182 4 14 101 6 15 223 9 16 338 13 17 334 16 18 81 8 19 280 9 20 60 18 21 51 18 22 313 18 23 349 1 24 323 6 25 111 15 26 5 16 27 142 3 28 295 13 29 73 16 30 122 6 31 97 5 32 338 12 33 161 8 34 249 6 35 267 10 36 7 13 37 350 1 38 239 16 39 75 7 40 341 6 41 233 16 42 249 7 43 264 8 44 16 9 45 322 12 46 66 8 47 79 3 48 35 16 49 69 5 50 233 8 51 140 15 52 169 15 53 22 11 54 130 15 55 296 6 56 30 6 57 15 12 58 230 3 59 233 12 60 306 16 
1 284 16 2 225 12 3 3 10 4 167 5 5 59 2 6 329 7 7 164 6 8 122 1 9 166 3 10 48 3 11 331 14 12 136 6 13 101 6 15 151 10 16 26 3 17 78 16 18 117 1 19 209 2 20 310 5 21 76 6 22 189 1 23 141 14 24 257 12 25 135 18 26 38 16 27 51 6 28 62 8 29 234 18 30 203 17 31 111 5 32 57 6 33 295 3 34 108 14 35 276 8 36 240 16 37 298 12 38 185 7 39 280 13 40 158 4 41 70 15 42 37 16 43 23 17 44 175 13 45 269 7 46 261 7 47 78 14 48 81 11 49 29 17 50 80 3 51 85 2 52 324 2 53 340 17 54 331 7 55 226 10 56 312 11 57 331 9 58 328 11 59 189 2 60 65 16 
1 212 8 2 221 1 3 166 9 4 3 7 5 255 5 6 154 11 7 115 13 8 324 11 9 315 2 10 6 7 11 302 16 12 102 9 13 223 9 14 151 10 16 321 6 17 250 3 18 141 7 19 148 9 20 187 15 21 300 2 22 349 10 23 43 8 24 249 10 25 4 2 26 79 12 27 86 13 28 208 4 29 343 13 30 302 11 31 264 9 32 294 14 33 259 3 34 324 17 35 154 12 36 90 13 37 20 18 38 269 8 39 184 15 40 242 5 41 102 10 42 5 16 43 42 2 44 254 18 45 295 2 46 314 14 47 160 10 48 181 6 49 317 15 50 233 13 51 158 5 52 15 2 53 20 4 54 109 10 55 44 9 56 166 11 57 333 15 58 216 7 59 217 13 60 139 11 
1 244 11 2 48 3 3 220 4 4 43 12 5 116 8 6 136 3 7 96 18 8 167 12 9 344 17 10 42 16 11 202 7 12 225 4 13 338 13 14 26 3 15 321 6 17 126 1 18 188 6 19 81 10 20 107 14 21 238 9 22 348 15 23 322 6 24 348 15 25 46 4 26 347 8 27 258 15 28 315 3 29 8 14 30 12 10 31 41 7 32 52 17 33 67 13 34 245 8 35 276 2 36 75 3 37 106 3 38 175 10 39 220 10 40 262 14 41 167 1 42 130 10 43 144 1 44 310 15 45 67 1 46 283 8 47 321 18 48 145 8 49 17 18 50 181 9 51 34 4 52 274 11 53 127 7 54 134 10 55 92 4 56 98 1 57 210 15 58 14 1 59 267 13 60 343 11 
1 108 10 2 89 16 3 61 11 4 264 15 5 319 1 6 63 16 7 279 8 8 218 16 9 295 2 10 201 12 11 2 13 12 35 18 13 334 16 14 78 16 15 250 3 16 126 1 18 20 16 19 85 9 20 135 8 21 234 6 22 198 17 23 10 18 24 313 18 25 8 8 26 339 6 27 246 14 28 8 1 29 287 4 30 303 6 31 256 3 32 317 3 33 261 8 34 235 8 35 326 13 36 131 15 37 125 3 38 247 1 39 338 18 40 139 12 41 147 17 42 21 3 43 212 12 44 94 2 45 311 12 46 308 18 47 271 18 48 327 14 49 13 4 50 252 14 51 256 1 52 302 17 53 99 13 54 338 16 55 63 7 56 62 5 57 173 10 58 44 13 59 348 1 60 63 10 
1 83 1 2 40 1 3 28 7 4 209 17 5 287 10 6 37 2 7 193 15 8 77 9 9 200 11 10 2 7 11 11 12 12 338 13 13 81 8 14 117 1 15 141 7 16 188 6 17 20 16 19 99 11 20 7 2 21 165 2 22 200 1 23 7 17 24 235 9 25 136 16 26 104 1 27 228 1 28 167 17 29 110 3 30 157 15 31 79 10 32 55 9 33 37 3 34 38 16 35 89 10 36 142 8 37 213 17 38 23 6 39 335 6 40 244 1 41 235 1 42 310 18 43 13 5 44 125 17 45 133 13 46 91 3 47 1 4 48 183 4 49 195 8 50 189 1 51 177 14 52 41 17 53 52 18 54 127 13 55 85 10 56 260 6 57 155 17 58 349 2 59 81 12 60 211 13 
1 287 6 2 292 14 3 207 4 4 262 15 5 237 13 6 316 14 7 306 6 8 9 4 9 311 2 10 82 16 11 215 4 12 204 10 13 280 9 14 209 2 15 148 9 16 81 10 17 85 9 18 99 11 20 317 14 21 234 14 22 275 10 23 7 8 24 344 15 25 95 2 26 6 17 27 147 12 28 29 4 29 230 15 30 177 1 31 317 17 32 321 15 33 339 8 34 15 6 35 23 12 36 281 14 37 240 4 38 31 9 39 112 11 40 217 3 41 17 1 42 87 18 43 200 3 44 168 5 45 297 14 46 167 5 47 142 9 48 334 15 49 82 2 50 26 11 51 316 1 52 315 7 53 190 16 54 123 13 55 245 4 56 213 1 57 97 2 58 194 12 59 330 8 60 212 14 
1 224 10 2 116 10 3 96 2 4 177 18 5 280 14 6 159 13 7 85 14 8 179 12 9 208 10 10 84 9 11 150 12 12 20 1 13 60 18 14 310 5 15 187 15 16 107 14 17 135 8 18 7 2 19 317 14 21 117 13 22 345 3 23 219 13 24 106 15 25 194 1 26 124 14 27 260 11 28 303 14 29 58 12 30 209 11 31 34 3 32 133 15 33 88 6 34 345 6 35 265 7 36 84 6 37 182 6 38 221 17 39 265 7 40 135 4 41 206 2 42 12 1 43 101 15 44 303 4 45 116 9 46 191 16 47 332 16 48 343 8 49 102 6 50 140 5 51 237 2 52 282 15 53 295 10 54 160 9 55 169 3 56 237 6 57 116 11 58 189 10 59 59 8 60 37 17 
1 156 13 2 92 13 3 71 6 4 200 5 5 2 10 6 260 11 7 164 6 8 211 16 9 230 1 10 178 4 11 50 4 12 91 8 13 51 18 14 76 6 15 300 2 16 238 9 17 234 6 18 165 2 19 234 14 20 117 13 22 248 14 23 298 15 24 7 6 25 207 15 26 353 1 27 5 10 28 40 15 29 2 3 30 41 11 31 109 4 32 105 16 33 172 18 34 334 17 35 5 15 36 79 2 37 331 10 38 308 17 39 188 17 40 74 14 41 201 15 42 135 4 43 224 12 44 135 6 45 103 14 46 108 11 47 243 4 48 138 18 49 340 17 50 212 13 51 148 5 52 227 5 53 290 9 54 227 2 55 176 3 56 56 15 57 268 4 58 233 4 59 118 17 60 264 4 
1 9 13 2 31 9 3 62 16 4 183 6 5 187 3 6 299 10 7 125 6 8 260 3 9 256 16 10 346 14 11 194 5 12 60 18 13 313 18 14 189 1 15 349 10 16 348 15 17 198 17 18 200 1 19 275 10 20 345 3 21 248 14 23 245 15 24 299 7 25 257 16 26 332 13 27 268 18 28 186 5 29 75 9 30 61 12 31 284 12 32 1 5 33 81 7 34 190 7 35 194 1 36 299 2 37 144 11 38 252 5 39 87 12 40 79 8 41 270 14 42 222 15 43 282 12 44 338 1 45 353 11 46 324 15 47 262 8 48 107 16 49 12 10 50 212 16 51 61 10 52 181 2 53 39 13 54 205 11 55 339 15 56 172 9 57 292 5 58 82 16 59 330 8 60 90 13 
1 232 1 2 11 9 3 272 17 4 147 4 5 11 16 6 135 17 7 182 15 8 275 11 9 24 14 10 144 9 11 242 2 12 227 10 13 349 1 14 141 14 15 43 8 16 322 6 17 10 18 18 7 17 19 7 8 20 219 13 21 298 15 22 245 15 24 272 3 25 35 6 26 17 18 27 334 5 28 109 5 29 175 4 30 255 17 31 203 17 32 11 3 33 160 7 34 215 4 35 338 7 36 73 14 37 54 9 38 233 6 39 60 10 40 140 2 41 169 18 42 287 16 43 15 1 44 234 9 45 180 4 46 282 13 47 254 4 48 235 3 49 349 12 50 218 1 51 92 10 52 299 9 53 216 8 54 191 9 55 306 18 56 288 4 57 129 16 58 262 5 59 187 2 60 79 4 
1 200 14 2 236 16 3 326 18 4 262 4 5 317 4 6 188 5 7 94 6 8 274 13 9 216 2 10 178 10 11 238 12 12 85 2 13 323 6 14 257 12 15 249 10 16 348 15 17 313 18 18 235 9 19 344 15 20 106 15 21 7 6 22 299 7 23 272 3 25 85 10 26 307 1 27 157 3 28 6 15 29 16 2 30 137 15 31 91 10 32 125 18 33 94 14 34 93 7 35 178 7 36 145 15 37 58 9 38 128 13 39 16 6 40 175 17 41 291 6 42 20 5 43 205 7 44 309 12 45 191 12 46 19 3 47 105 2 48 347 15 49 268 8 50 164 7 51 16 11 52 100 7 53 231 17 54 277 12 55 349 7 56 195 11 57 166 16 58 242 2 59 139 9 60 226 13 
1 161 5 2 197 2 3 275 5 4 139 15 5 86 5 6 18 1 7 172 7 8 260 4 9 348 17 10 169 17 11 58 15 12 60 12 13 111 15 14 135 18 15 4 2 16 46 4 17 8 8 18 136 16 19 95 2 20 194 1 21 207 15 22 257 16 23 35 6 24 85 10 26 304 10 27 75 7 28 114 11 29 319 17 30 186 18 31 315 5 32 65 7 33 156 6 34 284 9 35 142 11 36 15 17 37 147 18 38 94 16 39 135 14 40 6 8 41 151 2 42 288 14 43 247 7 44 210 14 45 40 17 46 19 17 47 323 10 48 301 5 49 231 1 50 97 5 51 133 6 52 75 6 53 199 16 54 91 11 55 259 14 56 47 12 57 70 18 58 319 3 59 5 2 60 314 15 
1 230 15 2 348 7 3 119 17 4 279 3 5 8 12 6 338 16 7 235 17 8 53 6 9 127 10 10 325 7 11 5 18 12 7 8 13 5 16 14 38 16 15 79 12 16 347 8 17 339 6 18 104 1 19 6 17 20 124 14 21 353 1 22 332 13 23 17 18 24 307 1 25 304 10 27 289 3 28 124 5 29 301 6 30 180 5 31 57 15 32 305 15 33 291 10 34 325 12 35 125 10 36 102 10 37 140 12 38 197 7 39 146 5 40 148 3 41 206 9 42 1 3 43 343 5 44 79 1 45 227 13 46 338 6 47 163 8 48 225 6 49 30 8 50 160 5 51 286 3 52 349 8 53 112 5 54 267 13 55 50 14 56 263 16 57 241 9 58 72 8 59 89 8 60 303 13 
1 187 17 2 190 15 3 225 17 4 344 1 5 54 18 6 338 16 7 299 9 8 120 2 9 35 2 10 123 7 11 195 1 12 304 1 13 142 3 14 51 6 15 86 13 16 258 15 17 246 14 18 228 1 19 147 12 20 260 11 21 5 10 22 268 18 23 334 5 24 157 3 25 75 7 26 289 3 28 183 2 29 120 8 30 306 4 31 314 17 32 4 12 33 218 8 34 42 6 35 84 17 36 163 7 37 124 14 38 74 14 39 305 1 40 69 7 41 161 1 42 49 13 43 29 13 44 69 17 45 143 13 46 148 13 47 44 15 48 257 1 49 113 3 50 197 9 51 7 4 52 333 7 53 158 5 54 317 13 55 85 1 56 245 16 57 171 6 58 203 14 59 107 6 60 52 4 
1 29 13 2 122 11 3 137 17 4 111 11 5 99 18 6 5 11 7 173 6 8 308 8 9 30 4 10 318 6 11 221 2 12 71 4 13 295 13 14 62 8 15 208 4 16 315 3 17 8 1 18 167 17 19 29 4 20 303 14 21 40 15 22 186 5 23 109 5 24 6 15 25 114 11 26 124 5 27 183 2 29 51 11 30 2 15 31 26 1 32 83 2 33 121 12 34 157 14 35 173 5 36 220 10 37 180 2 38 133 9 39 65 13 40 307 3 41 342 9 42 283 16 43 16 14 44 187 17 45 181 13 46 159 4 47 67 10 48 288 13 49 299 16 50 171 16 51 192 18 52 38 5 53 122 5 54 199 13 55 108 2 56 119 10 57 181 13 58 110 9 59 155 4 60 325 11 
1 348 3 2 147 9 3 23 4 4 213 13 5 249 2 6 354 8 7 42 11 8 95 3 9 232 4 10 203 16 11 179 16 12 268 9 13 73 16 14 234 18 15 343 13 16 8 14 17 287 4 18 110 3 19 230 15 20 58 12 21 2 3 22 75 9 23 175 4 24 16 2 25 319 17 26 301 6 27 120 8 28 51 11 30 162 10 31 306 2 32 281 11 33 231 6 34 313 10 35 120 15 36 22 16 37 117 4 38 181 15 39 18 17 40 1 7 41 340 1 42 219 4 43 315 15 44 161 9 45 286 14 46 327 12 47 301 8 48 267 8 49 72 15 50 143 7 51 149 3 52 228 6 53 124 16 54 180 8 55 71 1 56 19 10 57 199 12 58 211 5 59 78 17 60 199 6 
1 173 3 2 335 14 3 212 8 4 339 10 5 203 13 6 50 1 7 66 9 8 329 17 9 137 6 10 129 12 11 304 9 12 65 10 13 122 6 14 203 17 15 302 11 16 12 10 17 303 6 18 157 15 19 177 1 20 209 11 21 41 11 22 61 12 23 255 17 24 137 15 25 186 18 26 180 5 27 306 4 28 2 15 29 162 10 31 347 9 32 242 10 33 62 16 34 111 6 35 307 9 36 141 3 37 20 16 38 167 8 39 148 18 40 152 17 41 236 13 42 265 4 43 285 18 44 34 5 45 103 6 46 5 6 47 232 13 48 323 5 49 106 7 50 339 16 51 100 12 52 250 10 53 11 2 54 228 15 55 183 17 56 165 2 57 13 13 58 261 15 59 124 10 60 350 18 
1 40 11 2 25 18 3 148 9 4 218 5 5 305 18 6 240 5 7 187 2 8 64 11 9 286 10 10 169 17 11 82 5 12 191 12 13 97 5 14 111 5 15 264 9 16 41 7 17 256 3 18 79 10 19 317 17 20 34 3 21 109 4 22 284 12 23 203 17 24 91 10 25 315 5 26 57 15 27 314 17 28 26 1 29 306 2 30 347 9 32 292 3 33 248 1 34 146 5 35 20 12 36 256 16 37 325 16 38 197 3 39 158 14 40 254 3 41 84 5 42 285 6 43 17 4 44 218 8 45 231 1 46 206 4 47 171 13 48 157 2 49 351 1 50 124 9 51 296 2 52 318 13 53 239 4 54 80 12 55 344 4 56 158 10 57 222 10 58 166 1 59 27 16 60 20 5 
1 160 15 2 152 17 3 135 2 4 68 2 5 20 7 6 36 2 7 33 16 8 81 15 9 291 14 10 130 3 11 104 1 12 42 5 13 338 12 14 57 6 15 294 14 16 52 17 17 317 3 18 55 9 19 321 15 20 133 15 21 105 16 22 1 5 23 11 3 24 125 18 25 65 7 26 305 15 27 4 12 28 83 2 29 281 11 30 242 10 31 292 3 33 63 11 34 69 17 35 269 16 36 338 17 37 107 8 38 24 11 39 193 18 40 116 14 41 314 5 42 98 9 43 86 1 44 353 5 45 302 16 46 261 16 47 240 7 48 348 3 49 125 18 50 234 8 51 181 14 52 23 6 53 170 9 54 39 7 55 16 6 56 351 13 57 331 4 58 156 5 59 206 6 60 11 5 
1 239 18 2 193 1 3 151 15 4 49 14 5 204 17 6 79 7 7 166 14 8 43 14 9 290 18 10 327 13 11 216 13 12 8 17 13 161 8 14 295 3 15 259 3 16 67 13 17 261 8 18 37 3 19 339 8 20 88 6 21 172 18 22 81 7 23 160 7 24 94 14 25 156 6 26 291 10 27 218 8 28 121 12 29 231 6 30 62 16 31 248 1 32 63 11 34 346 12 35 317 1 36 186 3 37 236 1 38 174 10 39 159 1 40 241 1 41 260 7 42 184 13 43 50 14 44 82 12 45 163 12 46 59 3 47 132 9 48 164 6 49 34 6 50 300 10 51 317 5 52 119 14 53 266 9 54 309 5 55 341 5 56 179 9 57 185 4 58 327 3 59 351 9 60 114 1 
1 104 16 2 304 13 3 16 9 4 63 18 5 222 11 6 25 7 7 326 2 8 228 2 9 311 11 10 142 16 11 48 16 12 9 14 13 249 6 14 108 14 15 324 17 16 245 8 17 235 8 18 38 16 19 15 6 20 345 6 21 334 17 22 190 7 23 215 4 24 93 7 25 284 9 26 325 12 27 42 6 28 157 14 29 313 10 30 111 6 31 146 5 32 69 17 33 346 12 35 36 9 36 166 15 37 214 9 38 29 6 39 346 4 40 186 17 41 324 6 42 229 5 43 270 10 44 116 8 45 242 13 46 62 5 47 299 5 48 177 14 49 319 18 50 198 16 51 180 2 52 125 3 53 250 11 54 252 15 55 74 14 56 131 11 57 100 18 58 70 14 59 203 3 60 291 2 
1 104 15 2 191 7 3 49 3 4 249 5 5 256 8 6 192 14 7 160 10 8 248 2 9 128 13 10 295 10 11 74 14 12 141 12 13 267 10 14 276 8 15 154 12 16 276 2 17 326 13 18 89 10 19 23 12 20 265 7 21 5 15 22 194 1 23 338 7 24 178 7 25 142 11 26 125 10 27 84 17 28 173 5 29 120 15 30 307 9 31 20 12 32 269 16 33 317 1 34 36 9 36 287 5 37 176 15 38 266 10 39 130 9 40 247 4 41 185 12 42 200 12 43 237 7 44 215 8 45 41 10 46 297 9 47 124 2 48 320 10 49 139 16 50 335 12 51 114 1 52 128 6 53 74 1 54 33 12 55 297 4 56 97 14 57 138 1 58 89 9 59 6 12 60 87 18 
1 251 13 2 169 16 3 141 8 4 152 8 5 272 14 6 33 15 7 255 16 8 178 10 9 226 15 10 129 18 11 86 16 12 29 17 13 7 13 14 240 16 15 90 13 16 75 3 17 131 15 18 142 8 19 281 14 20 84 6 21 79 2 22 299 2 23 73 14 24 145 15 25 15 17 26 102 10 27 163 7 28 220 10 29 22 16 30 141 3 31 256 16 32 338 17 33 186 3 34 166 15 35 287 5 37 160 11 38 53 9 39 270 11 40 138 1 41 100 7 42 182 7 43 137 3 44 138 4 45 34 15 46 264 14 47 34 4 48 186 10 49 148 6 50 8 4 51 246 13 52 341 7 53 323 7 54 143 13 55 167 5 56 312 2 57 135 16 58 164 17 59 237 8 60 277 1 
1 180 3 2 277 17 3 277 14 4 338 16 5 77 16 6 292 17 7 6 7 8 237 3 9 160 3 10 294 1 11 203 11 12 56 16 13 350 1 14 298 12 15 20 18 16 106 3 17 125 3 18 213 17 19 240 4 20 182 6 21 331 10 22 144 11 23 54 9 24 58 9 25 147 18 26 140 12 27 124 14 28 180 2 29 117 4 30 20 16 31 325 16 32 107 8 33 236 1 34 214 9 35 176 15 36 160 11 38 268 7 39 101 1 40 197 6 41 20 1 42 219 3 43 96 6 44 265 10 45 50 2 46 124 1 47 331 3 48 35 13 49 115 17 50 172 5 51 108 10 52 44 5 53 11 12 54 227 3 55 305 18 56 295 3 57 204 8 58 74 18 59 246 3 60 74 2 
1 265 6 2 115 3 3 90 11 4 96 12 5 57 10 6 185 6 7 280 2 8 327 3 9 335 13 10 275 18 11 67 9 12 267 4 13 239 16 14 185 7 15 269 8 16 175 10 17 247 1 18 23 6 19 31 9 20 221 17 21 308 17 22 252 5 23 233 6 24 128 13 25 94 16 26 197 7 27 74 14 28 133 9 29 181 15 30 167 8 31 197 3 32 24 11 33 174 10 34 29 6 35 266 10 36 53 9 37 268 7 39 284 11 40 93 3 41 19 6 42 301 13 43 32 16 44 158 11 45 299 16 46 333 5 47 330 5 48 293 4 49 152 10 50 332 8 51 287 11 52 250 17 53 12 15 54 249 13 55 131 4 56 140 14 57 208 1 58 135 3 59 273 14 60 99 10 
1 183 15 2 288 9 3 97 10 4 117 10 5 62 18 6 31 15 7 276 18 8 287 8 9 31 10 10 89 15 11 204 17 12 103 6 13 75 7 14 280 13 15 184 15 16 220 10 17 338 18 18 335 6 19 112 11 20 265 7 21 188 17 22 87 12 23 60 10 24 16 6 25 135 14 26 146 5 27 305 1 28 65 13 29 18 17 30 148 18 31 158 14 32 193 18 33 159 1 34 346 4 35 130 9 36 270 11 37 101 1 38 284 11 40 127 7 41 122 2 42 214 7 43 260 3 44 92 9 45 353 7 46 88 17 47 119 10 48 9 16 49 196 13 50 52 5 51 241 17 52 301 11 53 241 14 54 23 7 55 187 1 56 175 18 57 310 10 58 215 7 59 296 14 60 10 11 
1 308 4 2 29 4 3 55 11 4 333 13 5 200 4 6 296 1 7 325 4 8 216 18 9 61 18 10 82 3 11 313 3 12 192 9 13 341 6 14 158 4 15 242 5 16 262 14 17 139 12 18 244 1 19 217 3 20 135 4 21 74 14 22 79 8 23 140 2 24 175 17 25 6 8 26 148 3 27 69 7 28 307 3 29 1 7 30 152 17 31 254 3 32 116 14 33 241 1 34 186 17 35 247 4 36 138 1 37 197 6 38 93 3 39 127 7 41 243 16 42 169 8 43 243 8 44 118 11 45 338 18 46 94 12 47 317 18 48 235 14 49 190 14 50 157 6 51 272 11 52 199 17 53 57 17 54 270 6 55 169 2 56 257 11 57 199 11 58 26 15 59 267 2 60 194 8 
1 220 1 2 328 7 3 350 14 4 169 14 5 326 9 6 134 2 7 151 15 8 256 3 9 5 14 10 241 6 11 103 6 12 107 3 13 233 16 14 70 15 15 102 10 16 167 1 17 147 17 18 235 1 19 17 1 20 206 2 21 201 15 22 270 14 23 169 18 24 291 6 25 151 2 26 206 9 27 161 1 28 342 9 29 340 1 30 236 13 31 84 5 32 314 5 33 260 7 34 324 6 35 185 12 36 100 7 37 20 1 38 19 6 39 122 2 40 243 16 42 139 17 43 173 2 44 78 3 45 267 12 46 220 1 47 342 16 48 297 11 49 292 5 50 315 12 51 228 10 52 265 4 53 5 13 54 135 11 55 76 8 56 351 18 57 353 1 58 205 3 59 19 1 60 45 13 
1 171 13 2 227 2 3 287 14 4 183 4 5 146 1 6 223 11 7 29 2 8 125 18 9 14 15 10 292 11 11 137 14 12 66 5 13 249 7 14 37 16 15 5 16 16 130 10 17 21 3 18 310 18 19 87 18 20 12 1 21 135 4 22 222 15 23 287 16 24 20 5 25 288 14 26 1 3 27 49 13 28 283 16 29 219 4 30 265 4 31 285 6 32 98 9 33 184 13 34 229 5 35 200 12 36 182 7 37 219 3 38 301 13 39 214 7 40 169 8 41 139 17 43 53 16 44 189 15 45 114 12 46 302 17 47 98 2 48 253 2 49 293 7 50 35 6 51 205 9 52 113 7 53 267 12 54 305 9 55 331 13 56 167 18 57 60 2 58 86 12 59 75 17 60 227 6 
1 228 3 2 125 4 3 191 13 4 296 15 5 142 2 6 340 14 7 107 17 8 30 5 9 86 18 10 183 4 11 305 9 12 301 11 13 264 8 14 23 17 15 42 2 16 144 1 17 212 12 18 13 5 19 200 3 20 101 15 21 224 12 22 282 12 23 15 1 24 205 7 25 247 7 26 343 5 27 29 13 28 16 14 29 315 15 30 285 18 31 17 4 32 86 1 33 50 14 34 270 10 35 237 7 36 137 3 37 96 6 38 32 16 39 260 3 40 243 8 41 173 2 42 53 16 44 193 14 45 344 2 46 122 7 47 89 10 48 112 3 49 177 13 50 240 13 51 222 12 52 295 6 53 48 2 54 247 5 55 99 3 56 234 18 57 230 9 58 260 13 59 193 16 60 314 9 
1 239 9 2 31 9 3 116 1 4 292 3 5 352 12 6 267 10 7 74 18 8 267 8 9 46 7 10 264 15 11 32 18 12 331 14 13 16 9 14 175 13 15 254 18 16 310 15 17 94 2 18 125 17 19 168 5 20 303 4 21 135 6 22 338 1 23 234 9 24 309 12 25 210 14 26 79 1 27 69 17 28 187 17 29 161 9 30 34 5 31 218 8 32 353 5 33 82 12 34 116 8 35 215 8 36 138 4 37 265 10 38 158 11 39 92 9 40 118 11 41 78 3 42 189 15 43 193 14 45 281 5 46 115 3 47 105 13 48 103 17 49 128 1 50 207 16 51 182 1 52 235 3 53 310 15 54 62 16 55 265 13 56 58 14 57 278 2 58 51 4 59 70 4 60 120 9 
1 270 12 2 93 16 3 272 11 4 243 12 5 148 1 6 261 16 7 54 7 8 248 18 9 73 4 10 212 10 11 252 1 12 221 9 13 322 12 14 269 7 15 295 2 16 67 1 17 311 12 18 133 13 19 297 14 20 116 9 21 103 14 22 353 11 23 180 4 24 191 12 25 40 17 26 227 13 27 143 13 28 181 13 29 286 14 30 103 6 31 231 1 32 302 16 33 163 12 34 242 13 35 41 10 36 34 15 37 50 2 38 299 16 39 353 7 40 338 18 41 267 12 42 114 12 43 344 2 44 281 5 46 29 16 47 258 2 48 331 9 49 50 12 50 315 16 51 260 16 52 276 18 53 183 6 54 287 5 55 145 10 56 300 4 57 174 13 58 151 15 59 159 16 60 122 4 
1 301 14 2 94 5 3 318 5 4 251 15 5 36 2 6 220 18 7 28 10 8 166 8 9 188 8 10 3 13 11 101 1 12 257 14 13 66 8 14 261 7 15 314 14 16 283 8 17 308 18 18 91 3 19 167 5 20 191 16 21 108 11 22 324 15 23 282 13 24 19 3 25 19 17 26 338 6 27 148 13 28 159 4 29 327 12 30 5 6 31 206 4 32 261 16 33 59 3 34 62 5 35 297 9 36 264 14 37 124 1 38 333 5 39 88 17 40 94 12 41 220 1 42 302 17 43 122 7 44 115 3 45 29 16 47 226 13 48 29 17 49 38 11 50 37 14 51 333 17 52 28 1 53 325 8 54 25 3 55 134 9 56 105 7 57 206 11 58 174 14 59 72 6 60 130 17 
1 12 15 2 296 4 3 353 7 4 127 9 5 103 16 6 152 16 7 42 4 8 53 14 9 246 8 10 241 18 11 16 10 12 75 1 13 79 3 14 78 14 15 160 10 16 321 18 17 271 18 18 1 4 19 142 9 20 332 16 21 243 4 22 262 8 23 254 4 24 105 2 25 323 10 26 163 8 27 44 15 28 67 10 29 301 8 30 232 13 31 171 13 32 240 7 33 132 9 34 299 5 35 124 2 36 34 4 37 331 3 38 330 5 39 119 10 40 317 18 41 342 16 42 98 2 43 89 10 44 105 13 45 258 2 46 226 13 48 320 7 49 214 3 50 151 4 51 348 16 52 353 1 53 244 10 54 74 16 55 145 11 56 321 7 57 11 15 58 143 3 59 266 2 60 131 16 
1 318 10 2 164 4 3 87 6 4 109 8 5 168 7 6 230 17 7 211 7 8 152 3 9 74 17 10 213 5 11 158 12 12 133 6 13 35 16 14 81 11 15 181 6 16 145 8 17 327 14 18 183 4 19 334 15 20 343 8 21 138 18 22 107 16 23 235 3 24 347 15 25 301 5 26 225 6 27 257 1 28 288 13 29 267 8 30 323 5 31 157 2 32 348 3 33 164 6 34 177 14 35 320 10 36 186 10 37 35 13 38 293 4 39 9 16 40 235 14 41 297 11 42 253 2 43 112 3 44 103 17 45 331 9 46 29 17 47 320 7 49 353 9 50 204 2 51 256 2 52 13 1 53 209 14 54 11 11 55 245 1 56 133 5 57 68 18 58 263 7 59 272 18 60 88 13 
1 305 2 2 352 16 3 116 5 4 209 7 5 76 15 6 23 12 7 113 3 8 191 7 9 234 1 10 268 11 11 284 8 12 45 5 13 69 5 14 29 17 15 317 15 16 17 18 17 13 4 18 195 8 19 82 2 20 102 6 21 340 17 22 12 10 23 349 12 24 268 8 25 231 1 26 30 8 27 113 3 28 299 16 29 72 15 30 106 7 31 351 1 32 125 18 33 34 6 34 319 18 35 139 16 36 148 6 37 115 17 38 152 10 39 196 13 40 190 14 41 292 5 42 293 7 43 177 13 44 128 1 45 50 12 46 38 11 47 214 3 48 353 9 50 282 8 51 242 6 52 213 1 53 137 11 54 8 9 55 167 10 56 310 17 57 166 14 58 196 3 59 156 10 60 5 18 
1 113 4 2 113 3 3 308 10 4 10 4 5 121 16 6 68 6 7 58 15 8 8 1 9 105 13 10 17 3 11 2 9 12 352 10 13 233 8 14 80 3 15 233 13 16 181 9 17 252 14 18 189 1 19 26 11 20 140 5 21 212 13 22 212 16 23 218 1 24 164 7 25 97 5 26 160 5 27 197 9 28 171 16 29 143 7 30 339 16 31 124 9 32 234 8 33 300 10 34 198 16 35 335 12 36 8 4 37 172 5 38 332 8 39 52 5 40 157 6 41 315 12 42 35 6 43 240 13 44 207 16 45 315 16 46 37 14 47 151 4 48 204 2 49 282 8 51 13 9 52 94 4 53 101 4 54 310 16 55 144 12 56 170 18 57 9 13 58 213 14 59 240 13 60 242 13 
1 237 9 2 229 2 3 24 4 4 82 1 5 64 11 6 181 9 7 260 10 8 311 14 9 112 18 10 220 11 11 317 11 12 121 9 13 140 15 14 85 2 15 158 5 16 34 4 17 256 1 18 177 14 19 316 1 20 237 2 21 148 5 22 61 10 23 92 10 24 16 11 25 133 6 26 286 3 27 7 4 28 192 18 29 149 3 30 100 12 31 296 2 32 181 14 33 317 5 34 180 2 35 114 1 36 246 13 37 108 10 38 287 11 39 241 17 40 272 11 41 228 10 42 205 9 43 222 12 44 182 1 45 260 16 46 333 17 47 348 16 48 256 2 49 242 6 50 13 9 52 334 4 53 310 8 54 14 6 55 177 15 56 330 2 57 214 8 58 336 13 59 297 9 60 165 4 
1 159 13 2 180 6 3 246 8 4 327 13 5 310 1 6 204 16 7 271 11 8 351 1 9 197 10 10 41 15 11 214 9 12 171 11 13 169 15 14 324 2 15 15 2 16 274 11 17 302 17 18 41 17 19 315 7 20 282 15 21 227 5 22 181 2 23 299 9 24 100 7 25 75 6 26 349 8 27 333 7 28 38 5 29 228 6 30 250 10 31 318 13 32 23 6 33 119 14 34 125 3 35 128 6 36 341 7 37 44 5 38 250 17 39 301 11 40 199 17 41 265 4 42 113 7 43 295 6 44 235 3 45 276 18 46 28 1 47 353 1 48 13 1 49 213 1 50 94 4 51 334 4 53 253 1 54 310 4 55 264 17 56 173 1 57 221 11 58 132 11 59 42 10 60 292 6 
1 307 16 2 274 16 3 96 1 4 62 15 5 235 12 6 89 18 7 273 9 8 82 2 9 125 18 10 328 18 11 82 16 12 156 15 13 22 11 14 340 17 15 20 4 16 127 7 17 99 13 18 52 18 19 190 16 20 295 10 21 290 9 22 39 13 23 216 8 24 231 17 25 199 16 26 112 5 27 158 5 28 122 5 29 124 16 30 11 2 31 239 4 32 170 9 33 266 9 34 250 11 35 74 1 36 323 7 37 11 12 38 12 15 39 241 14 40 57 17 41 5 13 42 267 12 43 48 2 44 310 15 45 183 6 46 325 8 47 244 10 48 209 14 49 137 11 50 101 4 51 310 8 52 253 1 54 221 10 55 17 7 56 77 6 57 342 11 58 213 14 59 69 10 60 233 2 
1 338 16 2 339 16 3 20 8 4 128 18 5 104 17 6 329 1 7 30 7 8 321 15 9 300 16 10 104 9 11 197 16 12 330 10 13 130 15 14 331 7 15 109 10 16 134 10 17 338 16 18 127 13 19 123 13 20 160 9 21 227 2 22 205 11 23 191 9 24 277 12 25 91 11 26 267 13 27 317 13 28 199 13 29 180 8 30 228 15 31 80 12 32 39 7 33 309 5 34 252 15 35 33 12 36 143 13 37 227 3 38 249 13 39 23 7 40 270 6 41 135 11 42 305 9 43 247 5 44 62 16 45 287 5 46 25 3 47 74 16 48 11 11 49 8 9 50 310 16 51 14 6 52 310 4 53 221 10 55 40 13 56 88 12 57 306 9 58 59 16 59 224 1 60 227 14 
1 30 16 2 334 13 3 25 9 4 244 8 5 312 3 6 289 8 7 313 15 8 271 14 9 186 2 10 39 15 11 85 11 12 73 8 13 296 6 14 226 10 15 44 9 16 92 4 17 63 7 18 85 10 19 245 4 20 169 3 21 176 3 22 339 15 23 306 18 24 349 7 25 259 14 26 50 14 27 85 1 28 108 2 29 71 1 30 183 17 31 344 4 32 16 6 33 341 5 34 74 14 35 297 4 36 167 5 37 305 18 38 131 4 39 187 1 40 169 2 41 76 8 42 331 13 43 99 3 44 265 13 45 145 10 46 134 9 47 145 11 48 245 1 49 167 10 50 144 12 51 177 15 52 264 17 53 17 7 54 40 13 56 7 6 57 191 4 58 74 12 59 222 18 60 288 3 
1 222 5 2 209 2 3 166 7 4 323 4 5 303 8 6 149 4 7 84 8 8 299 18 9 4 10 10 138 9 11 25 12 12 135 13 13 30 6 14 312 11 15 166 11 16 98 1 17 62 5 18 260 6 19 213 1 20 237 6 21 56 15 22 172 9 23 288 4 24 195 11 25 47 12 26 263 16 27 245 16 28 119 10 29 19 10 30 165 2 31 158 10 32 351 13 33 179 9 34 131 11 35 97 14 36 312 2 37 295 3 38 140 14 39 175 18 40 257 11 41 351 18 42 167 18 43 234 18 44 58 14 45 300 4 46 105 7 47 321 7 48 133 5 49 310 17 50 170 18 51 330 2 52 173 1 53 77 6 54 88 12 55 7 6 57 23 12 58 151 1 59 64 14 60 297 10 
1 86 6 2 236 18 3 53 2 4 71 13 5 152 13 6 288 11 7 169 6 8 128 5 9 220 12 10 327 8 11 349 3 12 6 10 13 15 12 14 331 9 15 333 15 16 210 15 17 173 10 18 155 17 19 97 2 20 116 11 21 268 4 22 292 5 23 129 16 24 166 16 25 70 18 26 241 9 27 171 6 28 181 13 29 199 12 30 13 13 31 222 10 32 331 4 33 185 4 34 100 18 35 138 1 36 135 16 37 204 8 38 208 1 39 310 10 40 199 11 41 353 1 42 60 2 43 230 9 44 278 2 45 174 13 46 206 11 47 11 15 48 68 18 49 166 14 50 9 13 51 214 8 52 221 11 53 342 11 54 306 9 55 191 4 56 23 12 58 41 3 59 344 11 60 137 5 
1 122 13 2 225 16 3 69 17 4 233 5 5 242 17 6 201 18 7 164 11 8 17 14 9 64 3 10 142 17 11 29 17 12 18 8 13 230 3 14 328 11 15 216 7 16 14 1 17 44 13 18 349 2 19 194 12 20 189 10 21 233 4 22 82 16 23 262 5 24 242 2 25 319 3 26 72 8 27 203 14 28 110 9 29 211 5 30 261 15 31 166 1 32 156 5 33 327 3 34 70 14 35 89 9 36 164 17 37 74 18 38 135 3 39 215 7 40 26 15 41 205 3 42 86 12 43 260 13 44 51 4 45 151 15 46 174 14 47 143 3 48 263 7 49 196 3 50 213 14 51 336 13 52 132 11 53 213 14 54 59 16 55 74 12 56 151 1 57 41 3 59 34 7 60 231 16 
1 210 10 2 45 1 3 267 8 4 333 13 5 332 4 6 52 12 7 91 14 8 101 11 9 334 3 10 109 15 11 38 4 12 32 17 13 233 12 14 189 2 15 217 13 16 267 13 17 348 1 18 81 12 19 330 8 20 59 8 21 118 17 22 330 8 23 187 2 24 139 9 25 5 2 26 89 8 27 107 6 28 155 4 29 78 17 30 124 10 31 27 16 32 206 6 33 351 9 34 203 3 35 6 12 36 237 8 37 246 3 38 273 14 39 296 14 40 267 2 41 19 1 42 75 17 43 193 16 44 70 4 45 159 16 46 72 6 47 266 2 48 272 18 49 156 10 50 240 13 51 297 9 52 42 10 53 69 10 54 224 1 55 222 18 56 64 14 57 344 11 58 34 7 60 250 15 
1 343 9 2 16 15 3 230 3 4 25 14 5 12 2 6 17 10 7 188 17 8 203 14 9 27 1 10 200 9 11 60 3 12 174 9 13 306 16 14 65 16 15 139 11 16 343 11 17 63 10 18 211 13 19 212 14 20 37 17 21 264 4 22 90 13 23 79 4 24 226 13 25 314 15 26 303 13 27 52 4 28 325 11 29 199 6 30 350 18 31 20 5 32 11 5 33 114 1 34 291 2 35 87 18 36 277 1 37 74 2 38 99 10 39 10 11 40 194 8 41 45 13 42 227 6 43 314 9 44 120 9 45 122 4 46 130 17 47 131 16 48 88 13 49 5 18 50 242 13 51 165 4 52 292 6 53 233 2 54 227 14 55 288 3 56 297 10 57 137 5 58 231 16 59 250 15
